=== SETTINGS ===
{'noise_lvl': 0, 'level': 1, 'inner': 'a', 'noise_dens': 0.0, 'nb_occs': 250, 'p_down': 10, 'j': 0, 'p_up': 25, 'overlap': True}
15/20	(0.750)	0 << Perfect match
5/20	(0.250)	6 << Overall cover match, worse code length
477.066068 477.066068 2842.502761
434.469133 482.084520 2458.636004
476.413991 476.413991 2691.910670
422.819630 471.450176 2459.830311
462.147205 462.147205 2550.553919
394.132098 394.132098 2160.327071
416.312830 463.381201 2321.796748
434.791061 483.397338 2526.222789
430.542790 478.363771 2450.522820
468.488327 468.488327 2662.141381
410.084684 410.084684 2241.964843
512.962817 512.962817 3038.405062
484.801329 484.801329 2829.548567
409.843676 409.843676 2194.265510
376.424658 376.424658 2110.862418
402.261691 402.261691 2230.970102
384.093624 384.093624 2096.323212
408.184294 408.184294 2250.250315
348.598023 348.598023 1976.422628
490.457060 490.457060 2783.774834
