=== SETTINGS ===
{'noise_lvl': 0, 'level': 1, 'inner': 'a [d=1] c [d=2] d', 'noise_dens': 0.0, 'nb_occs': 500, 'p_down': 10, 'j': 3, 'p_up': 25, 'overlap': True}
15/20	(0.750)	0 << Perfect match
5/20	(0.250)	6 << Overall cover match, worse code length
2467.666964 2467.666964 17745.506009
2298.826905 2298.826905 15569.389923
2041.460035 2041.460035 14433.615767
2059.328507 2059.328507 14429.621317
2221.361378 2310.663008 15618.601091
2965.783316 2965.783316 21544.775188
2887.274957 2887.274957 20246.355587
2070.674053 2070.674053 13848.014034
2106.436256 2189.692704 13845.897433
2341.075770 2341.075770 16144.997667
3026.166158 3026.166158 22558.338094
2515.832619 2515.832619 18300.903633
2130.715874 2215.953594 14299.304777
2581.658947 2669.080049 18565.946446
2233.286799 2322.398684 15622.146651
2347.594085 2347.594085 16786.778498
2875.816371 2875.816371 20930.742742
2791.612653 2791.612653 20031.410776
2845.945462 2845.945462 20891.462003
2983.792140 2983.792140 21689.996411
