=== SETTINGS ===
{'noise_lvl': 2, 'level': 1, 'inner': 'a', 'noise_dens': 0.1, 'nb_occs': 250, 'p_down': 10, 'j': 0, 'p_up': 25, 'overlap': False}
18/20	(0.900)	0 << Perfect match
2/20	(0.100)	6 << Overall cover match, worse code length
536.007553 536.007553 2743.189200
501.123940 501.123940 2844.254109
396.706172 396.706172 1970.048171
405.863412 405.863412 2226.279997
414.046058 414.046058 2020.397198
449.727867 495.128753 2205.135805
433.893159 433.893159 2377.528762
373.774478 373.774478 2078.063209
384.598023 384.598023 1810.409913
531.029848 531.029848 2895.651825
516.228593 516.228593 2716.006692
519.042023 519.042023 2923.237215
483.989106 483.989106 2677.847892
548.915704 548.915704 2930.148879
429.084684 429.084684 2241.630158
511.066068 511.066068 2843.292016
539.884814 539.884814 3019.870586
459.255729 506.240530 2379.020906
479.831703 479.831703 2608.014556
418.932307 418.932307 2348.855944
