=== SETTINGS ===
{'noise_lvl': 1, 'level': 1, 'inner': 'a', 'noise_dens': 0.1, 'nb_occs': 250, 'p_down': 10, 'j': 0, 'p_up': 25, 'overlap': True}
18/20	(0.900)	0 << Perfect match
2/20	(0.100)	6 << Overall cover match, worse code length
522.773088 522.773088 2931.080387
414.572671 414.572671 2243.703193
527.294046 527.294046 3108.567425
522.481106 522.481106 2836.402572
372.687840 372.687840 2027.848124
447.756296 497.196373 2458.697442
435.983706 435.983706 2444.196570
373.005186 373.005186 1957.139387
461.825008 461.825008 2378.194806
496.111339 496.111339 2815.951161
476.610535 476.610535 2583.340731
447.012275 494.191742 2294.819144
532.691525 532.691525 2923.121174
507.625252 507.625252 2776.581585
424.184294 424.184294 2250.043165
358.706172 358.706172 1970.696261
400.730019 400.730019 2189.672513
492.896995 492.896995 2742.452860
504.860796 504.860796 2807.506044
492.575066 492.575066 2670.909291
