=== SETTINGS ===
{'noise_lvl': 1, 'level': 1, 'inner': 'a', 'noise_dens': 0.1, 'nb_occs': 500, 'p_down': 5, 'j': 1, 'p_up': 10, 'overlap': False}
12/20	(0.600)	0 << Perfect match
8/20	(0.400)	6 << Overall cover match, worse code length
959.877715 1007.694579 4958.468823
993.420223 993.420223 5412.097282
1009.438759 1009.438759 5492.037794
812.343602 812.343602 4460.752718
925.317130 972.258868 4992.203661
1038.267628 1038.267628 5608.385737
818.509775 818.509775 4511.628051
776.580641 821.453438 3929.460023
791.882882 791.882882 4149.538291
920.091394 966.394642 4885.312561
778.863412 824.595339 4086.492341
938.114637 986.605891 4976.291244
724.740729 724.740729 3713.214575
1010.643631 1010.643631 5630.377787
895.451855 895.451855 4851.349158
953.562242 1001.435613 5288.250697
961.757703 961.757703 5472.802573
840.173267 840.173267 4462.521703
888.773783 888.773783 4573.706675
930.845000 976.542878 4831.526779
