=== SETTINGS ===
{'noise_lvl': 2, 'level': 1, 'inner': 'a', 'noise_dens': 0.1, 'nb_occs': 500, 'p_down': 5, 'j': 1, 'p_up': 10, 'overlap': True}
14/20	(0.700)	0 << Perfect match
6/20	(0.300)	6 << Overall cover match, worse code length
982.131013 1032.794762 5040.824664
732.723554 732.723554 3659.672082
789.424658 836.848330 4225.897768
970.363142 1018.634959 5176.869320
868.373273 868.373273 4564.400143
869.731452 869.731452 4418.920291
1080.697402 1080.697402 5876.978374
902.451855 902.451855 4853.700268
1001.413991 1001.413991 5387.947167
908.259210 908.259210 4771.815502
859.184294 859.184294 4502.567622
935.307076 982.146345 4952.789742
852.546864 852.546864 4646.359376
1047.252739 1047.252739 5543.405786
889.773783 889.773783 4570.528909
742.770303 787.709955 3796.940469
922.310435 969.186600 4966.407407
750.719228 750.719228 3652.086344
833.317130 833.317130 4366.545723
998.219433 998.219433 5399.079318
