=== SETTINGS ===
{'noise_lvl': 3, 'level': 1, 'inner': 'a', 'noise_dens': 0.2, 'nb_occs': 250, 'p_down': 10, 'j': 0, 'p_up': 25, 'overlap': False}
18/20	(0.900)	0 << Perfect match
2/20	(0.100)	6 << Overall cover match, worse code length
571.096962 571.096962 2676.598442
595.897633 595.897633 2887.458455
568.980095 568.980095 2786.797238
572.860796 572.860796 2808.266911
443.847645 443.847645 2200.038876
616.983706 616.983706 2933.108404
596.580641 596.580641 2859.710037
430.945947 430.945947 1864.749235
547.948105 547.948105 2717.779512
428.494668 428.494668 2112.095290
519.455327 567.041863 2433.511070
459.886744 459.886744 2078.634769
502.509775 502.509775 2536.611593
521.389699 521.389699 2465.327044
506.881915 506.881915 2581.265355
502.858175 502.858175 2220.788686
481.691525 481.691525 2338.714091
466.549709 466.549709 2204.871325
511.632172 559.722969 2480.099798
504.524725 504.524725 2281.337592
