=== SETTINGS ===
{'noise_lvl': 3, 'level': 1, 'inner': 'a', 'noise_dens': 0.1, 'nb_occs': 250, 'p_down': 10, 'j': 0, 'p_up': 25, 'overlap': True}
15/20	(0.750)	0 << Perfect match
5/20	(0.250)	6 << Overall cover match, worse code length
470.689316 518.933325 2457.122260
471.777255 520.350225 2499.930289
400.403694 400.403694 1966.052944
372.580641 372.580641 1949.207764
543.258713 543.258713 3025.263966
527.700331 527.700331 2769.897157
559.457060 559.457060 2783.257177
469.382877 469.382877 2451.866383
453.500562 501.168842 2369.812145
481.101401 481.101401 2461.230203
480.847645 529.619438 2513.363700
554.962817 554.962817 3037.489239
378.548084 378.548084 1991.119048
432.654244 432.654244 2271.258163
512.941621 512.941621 2705.729471
461.826685 511.480265 2473.134161
502.610535 502.610535 2583.511057
549.258713 549.258713 2782.962705
450.384244 450.384244 2301.075620
524.625252 524.625252 2775.040280
