=== SETTINGS ===
{'noise_lvl': 2, 'level': 1, 'inner': 'a', 'noise_dens': 0.2, 'nb_occs': 250, 'p_down': 10, 'j': 0, 'p_up': 25, 'overlap': True}
18/20	(0.900)	0 << Perfect match
2/20	(0.100)	6 << Overall cover match, worse code length
399.723554 399.723554 1997.924309
518.101401 518.101401 2459.658528
562.971633 562.971633 2905.487208
453.009916 453.009916 2115.612237
476.420223 525.887782 2366.888649
531.662529 531.662529 2690.192200
516.649705 516.649705 2663.248888
408.234668 408.234668 1928.093362
542.111339 542.111339 2815.194555
547.538295 547.538295 2769.773362
574.778988 574.778988 2944.544246
526.845000 526.845000 2632.964132
447.239207 447.239207 2192.444997
552.463109 552.463109 2798.779857
501.108034 501.108034 2691.358774
505.992695 555.193899 2568.745428
429.662905 429.662905 2178.823436
568.761214 568.761214 2904.511050
424.326166 424.326166 2070.408831
521.114637 521.114637 2486.821890
