=== SETTINGS ===
{'noise_lvl': 1, 'level': 3, 'inner': 'a', 'noise_dens': 0.3, 'nb_occs': 500, 'p_down': 5, 'j': 1, 'p_up': 10, 'overlap': True}
18/20	(0.900)	6 << Overall cover match, worse code length
2/20	(0.100)	9 << No cover match, worse code length
669.846624 1038.985152 2759.356331
624.725412 1009.915105 2238.633092
944.674550 1814.042033 4193.635165
960.801883 1436.493805 4158.381765
683.038005 901.506304 2895.726489
492.634390 579.115581 1479.288433
860.504293 1610.648466 3650.155674
746.291091 1175.080556 3118.785871
622.667438 1038.065011 2393.049508
947.062270 1160.361154 3396.993584
788.693006 1218.691019 3150.965331
624.503725 937.482904 2489.832108
784.301381 1474.338839 3432.959255
605.680125 886.872513 2101.475726
559.942687 669.201672 1968.363012
835.267252 1272.528162 3662.500486
785.140450 1403.048321 3391.544674
616.315363 995.050420 2430.091539
481.265074 769.537949 1776.645811
648.483021 1076.528098 2735.994979
