=== SETTINGS ===
{'noise_lvl': 1, 'level': 1, 'inner': 'a', 'noise_dens': 0.1, 'nb_occs': 250, 'p_down': 10, 'j': 0, 'p_up': 25, 'overlap': False}
17/20	(0.850)	0 << Perfect match
3/20	(0.150)	6 << Overall cover match, worse code length
355.937282 355.937282 1854.311472
359.706172 359.706172 1805.877490
440.735027 486.115843 2215.961390
450.737525 450.737525 2551.084400
417.032756 417.032756 2152.849438
365.606637 365.606637 1989.778737
515.325692 515.325692 2707.012899
534.516439 534.516439 2916.349086
457.928565 508.940334 2555.552726
430.691525 430.691525 2143.003368
416.610145 416.610145 2310.405182
522.197313 522.197313 3009.495218
392.334203 392.334203 2083.597064
449.542790 498.369807 2450.778462
392.326166 392.326166 2069.897460
376.881592 376.881592 1912.569415
492.166398 492.166398 2816.208536
534.095572 534.095572 3046.565501
402.600378 402.600378 2178.341037
379.807456 379.807456 2132.099460
