=== SETTINGS ===
{'noise_lvl': 0, 'level': 2, 'inner': 'a', 'noise_dens': 0.0, 'nb_occs': 250, 'p_down': 10, 'j': 0, 'p_up': 25, 'overlap': False}
16/20	(0.800)	0 << Perfect match
4/20	(0.200)	3 << Patts cover match, some worse, worse code length
198.172710 198.172710 809.153875
356.353036 520.404593 1794.436894
257.432077 257.432077 1159.014479
353.783864 353.783864 1757.388320
353.518712 353.518712 1756.588920
355.377901 355.377901 1784.864344
512.105398 636.413991 2708.067124
284.679081 284.679081 1282.884232
288.559124 442.909706 1351.098572
287.330857 287.330857 1326.145073
452.019259 452.019259 2459.555213
491.334476 491.334476 2674.268726
250.804978 250.804978 1133.594857
425.836276 425.836276 2314.791806
314.623382 314.623382 1504.634167
374.660587 374.660587 1929.220397
321.714770 384.164278 1557.294625
492.014694 492.014694 2675.795324
196.961456 196.961456 745.236534
264.337778 264.337778 1192.499188
