=== SETTINGS ===
{'noise_lvl': 2, 'level': 1, 'inner': 'a', 'noise_dens': 0.3, 'nb_occs': 250, 'p_down': 10, 'j': 0, 'p_up': 25, 'overlap': False}
17/20	(0.850)	0 << Perfect match
3/20	(0.150)	6 << Overall cover match, worse code length
481.365912 481.365912 2134.298429
483.850944 483.850944 2205.215204
570.782793 570.782793 2789.591381
551.744991 551.744991 2708.639464
445.746055 445.746055 2120.863667
539.210215 539.210215 2472.904635
593.066068 593.066068 2611.700250
463.879009 463.879009 2068.966312
404.662154 404.662154 1987.255669
523.583024 571.538407 2388.641666
527.928565 577.854512 2344.630455
603.127208 603.127208 2740.072960
587.300817 587.300817 2656.561136
544.094738 544.094738 2663.114920
604.025183 604.025183 2782.751625
612.386065 612.386065 2833.090051
509.420223 559.900580 2367.521680
437.774478 437.774478 2076.730141
485.639058 485.639058 2243.935552
555.562242 555.562242 2642.857683
