=== SETTINGS ===
{'noise_lvl': 2, 'level': 1, 'inner': 'a', 'noise_dens': 0.1, 'nb_occs': 250, 'p_down': 10, 'j': 0, 'p_up': 25, 'overlap': True}
17/20	(0.850)	0 << Perfect match
3/20	(0.150)	6 << Overall cover match, worse code length
460.134807 506.684898 2331.548837
416.116831 416.116831 2134.080385
454.727867 503.086259 2404.469447
527.048072 527.048072 2936.832213
552.621780 552.621780 2953.314059
508.757703 508.757703 2734.954358
451.500562 501.191661 2370.667766
490.002222 490.002222 2705.083107
546.510610 546.510610 2902.321202
507.581436 507.581436 2683.361709
374.714889 374.714889 1818.396588
544.238451 544.238451 3107.213635
387.164278 387.164278 1938.512044
366.308517 366.308517 1927.928414
392.757703 392.757703 2051.094896
460.804736 460.804736 2342.567892
410.662905 410.662905 2177.651421
494.555787 494.555787 2630.245300
388.721393 388.721393 2081.040336
493.871231 493.871231 2466.816877
