=== SETTINGS ===
{'noise_lvl': 2, 'level': 1, 'inner': 'a', 'noise_dens': 0.2, 'nb_occs': 500, 'p_down': 5, 'j': 1, 'p_up': 10, 'overlap': True}
16/20	(0.800)	0 << Perfect match
4/20	(0.200)	6 << Overall cover match, worse code length
848.592515 895.532170 3967.436732
1072.600378 1072.600378 5447.661863
923.184294 923.184294 4502.567622
1018.679700 1066.782854 5147.982398
978.635619 978.635619 4976.099811
976.787622 976.787622 4614.874577
1032.578255 1032.578255 5351.098035
891.921051 891.921051 4274.954748
955.019330 955.019330 4621.299841
1108.852590 1108.852590 5885.139928
1082.810509 1082.810509 5703.590102
866.875125 866.875125 4123.198344
1156.697402 1156.697402 5872.282439
1003.676357 1054.639108 5135.422085
872.440512 919.886581 4274.045389
1116.825679 1116.825679 5768.876017
783.321417 783.321417 3896.475697
1005.628716 1005.628716 4948.333090
894.524725 894.524725 4564.770177
964.773783 964.773783 4580.012049
