=== SETTINGS ===
{'noise_lvl': 2, 'level': 1, 'inner': 'a', 'noise_dens': 0.3, 'nb_occs': 250, 'p_down': 10, 'j': 0, 'p_up': 25, 'overlap': True}
19/20	(0.950)	0 << Perfect match
1/20	(0.050)	6 << Overall cover match, worse code length
540.002222 540.002222 2488.273204
514.398744 514.398744 2328.681055
469.737881 469.737881 2204.477064
561.223512 561.223512 2498.936924
465.894439 465.894439 2281.995098
520.241723 568.131773 2355.727175
429.662154 429.662154 1986.687511
466.761214 466.761214 2055.679469
413.580641 413.580641 1950.329529
613.066068 613.066068 2977.929014
475.239207 475.239207 2191.477798
434.359441 434.359441 2006.865317
445.145594 445.145594 2035.548019
605.276488 605.276488 2825.188458
558.330427 558.330427 2523.982382
430.996871 430.996871 1944.863085
582.731094 582.731094 2835.291994
599.463109 599.463109 2798.471031
441.351077 441.351077 1993.580973
490.713440 490.713440 2182.764692
