=== SETTINGS ===
{'noise_lvl': 1, 'level': 1, 'inner': 'a', 'noise_dens': 0.2, 'nb_occs': 250, 'p_down': 10, 'j': 0, 'p_up': 25, 'overlap': False}
18/20	(0.900)	0 << Perfect match
2/20	(0.100)	6 << Overall cover match, worse code length
457.427313 505.944161 2380.633261
521.111339 521.111339 2815.762173
532.513527 532.513527 2714.316590
531.154966 531.154966 2912.635757
373.706172 373.706172 1970.393905
467.957930 517.065155 2501.058549
514.681554 514.681554 2729.846030
495.941621 495.941621 2704.146828
526.986409 526.986409 2799.089142
405.544421 405.544421 1908.445717
535.649705 535.649705 2829.339748
386.539522 386.539522 1978.025846
424.002222 424.002222 2102.807220
527.795177 527.795177 2816.142957
410.494668 410.494668 2112.095290
404.914759 404.914759 1963.804207
402.309956 402.309956 2043.714959
390.138592 390.138592 1899.722280
560.685625 560.685625 2909.744779
442.354800 442.354800 2249.027286
