=== SETTINGS ===
{'noise_lvl': 3, 'level': 1, 'inner': 'a', 'noise_dens': 0.3, 'nb_occs': 250, 'p_down': 10, 'j': 0, 'p_up': 25, 'overlap': True}
17/20	(0.850)	0 << Perfect match
3/20	(0.150)	6 << Overall cover match, worse code length
612.575066 612.575066 2669.461389
450.565057 450.565057 2018.713282
585.028100 585.028100 2535.553503
417.963122 417.963122 1891.809869
590.416666 590.416666 2517.401382
552.921678 603.890600 2540.290854
609.795177 609.795177 2817.427795
542.675240 591.898446 2431.751983
621.121210 621.121210 2728.572482
473.696302 473.696302 2040.661102
457.234668 457.234668 1927.838099
441.460520 441.460520 1785.375459
609.777255 665.355788 2499.640915
461.334203 461.334203 2083.341678
546.850944 546.850944 2405.339129
624.264663 624.264663 3037.704577
485.971027 485.971027 2052.109259
637.216367 637.216367 2926.216188
572.053237 572.053237 2690.629643
634.130198 634.130198 2856.746643
