=== SETTINGS ===
{'noise_lvl': 3, 'level': 3, 'inner': 'a', 'noise_dens': 0.3, 'nb_occs': 250, 'p_down': 10, 'j': 0, 'p_up': 25, 'overlap': True}
6/20	(0.300)	6 << Overall cover match, worse code length
14/20	(0.700)	9 << No cover match, worse code length
362.561641 1064.365974 1239.317473
503.370476 1134.816318 1734.901746
461.969621 895.905993 1600.938226
284.652211 577.382735 879.791283
385.576036 1010.843556 1275.460474
382.920226 926.311213 1229.057529
467.865719 1179.840858 1730.218243
314.618308 602.488220 1007.506136
288.138540 559.926449 845.470248
307.955105 640.678807 921.620057
334.088531 548.453217 1021.298612
287.941634 422.483858 841.177720
322.524416 526.941267 869.131657
322.030163 754.972493 978.053679
286.141253 582.160398 813.794201
338.684743 500.095472 949.057083
435.149104 756.010884 1579.176785
501.929694 948.645795 1832.595151
412.540663 969.245095 1401.150027
415.022221 798.011737 1553.135428
