=== SETTINGS ===
{'noise_lvl': 1, 'level': 1, 'inner': 'a', 'noise_dens': 0.3, 'nb_occs': 250, 'p_down': 10, 'j': 0, 'p_up': 25, 'overlap': True}
17/20	(0.850)	0 << Perfect match
3/20	(0.150)	6 << Overall cover match, worse code length
542.587778 542.587778 2696.181246
431.722114 431.722114 1993.398907
559.813556 559.813556 2855.652786
562.637531 562.637531 2802.223544
465.610145 465.610145 2310.633995
533.066068 533.066068 2612.751553
479.521830 529.284864 2411.288318
390.036818 390.036818 1872.415356
487.521830 537.301254 2411.458535
489.847645 540.602248 2512.879308
563.983706 563.983706 2933.180909
550.191599 550.191599 2641.519497
437.262682 437.262682 2092.427387
507.975870 507.975870 2434.165363
440.686364 440.686364 2217.462414
463.947180 463.947180 2376.654265
462.191599 462.191599 2263.539930
435.185340 435.185340 2101.563159
559.562645 559.562645 2821.187314
479.713440 479.713440 2179.740323
