=== SETTINGS ===
{'noise_lvl': 0, 'level': 1, 'inner': 'a', 'noise_dens': 0.0, 'nb_occs': 250, 'p_down': 10, 'j': 0, 'p_up': 25, 'overlap': False}
18/20	(0.900)	0 << Perfect match
2/20	(0.100)	6 << Overall cover match, worse code length
494.749241 494.749241 2877.284325
398.661778 398.661778 2284.749032
377.584610 377.584610 1969.707891
409.969207 409.969207 2219.109645
387.623710 387.623710 2031.168258
449.982503 449.982503 2446.305992
346.377854 346.377854 1928.041834
366.301782 366.301782 2030.891951
410.554169 410.554169 2334.891956
512.299852 512.299852 2873.371233
494.246741 494.246741 2756.719741
496.252739 496.252739 2769.657301
398.732167 398.732167 2298.260331
438.804736 438.804736 2553.194252
421.886744 467.704609 2269.584348
494.362218 494.362218 2784.424989
472.401446 472.401446 2665.719576
510.168515 510.168515 2829.265776
432.047209 478.337695 2358.769842
444.088043 444.088043 2435.303103
