=== SETTINGS ===
{'noise_lvl': 2, 'level': 3, 'inner': 'a', 'noise_dens': 0.3, 'nb_occs': 250, 'p_down': 10, 'j': 0, 'p_up': 25, 'overlap': True}
12/20	(0.600)	6 << Overall cover match, worse code length
8/20	(0.400)	9 << No cover match, worse code length
410.053604 809.499583 1451.829462
332.224329 647.191644 1060.254713
319.573118 540.953102 954.572322
263.357764 488.272384 805.567488
318.358971 507.964936 967.445361
333.751156 702.833558 1020.356024
421.074041 562.171520 1233.147553
466.393218 826.163144 1797.752256
266.428014 654.738277 832.554406
303.072309 770.356087 950.400944
374.941222 792.403957 1346.609336
310.373099 585.227338 1000.113841
399.008544 596.327834 1206.279546
423.013603 1215.577060 1564.569808
375.430316 828.918202 1262.958721
320.367906 882.927540 1076.727270
302.693621 512.783405 817.318689
367.052756 755.542252 1220.851503
274.917960 425.015490 880.978563
461.309238 923.948501 1788.970420
