=== SETTINGS ===
{'noise_lvl': 3, 'level': 3, 'inner': 'a', 'noise_dens': 0.2, 'nb_occs': 250, 'p_down': 10, 'j': 0, 'p_up': 25, 'overlap': True}
12/20	(0.600)	6 << Overall cover match, worse code length
8/20	(0.400)	9 << No cover match, worse code length
464.655148 1217.284669 1624.331973
413.649346 945.767516 1434.554740
308.965592 440.016459 927.378927
376.325885 799.320805 1310.190701
418.395384 675.728462 1502.664161
454.875020 1065.507525 1662.722789
419.542138 864.296480 1561.298449
366.798448 657.419006 1254.395463
401.222013 658.768747 1321.110873
423.314396 748.438739 1292.527204
269.808280 483.320374 845.098458
463.734032 880.990633 1490.972936
363.146934 754.563621 1256.601026
402.627209 711.622478 1464.091878
293.968600 525.222182 851.959138
434.842108 857.092298 1507.376816
319.784128 774.130217 1003.749042
463.257905 1005.175716 1709.840084
296.127905 472.804191 993.052407
383.536759 901.650823 1368.180480
