=== SETTINGS ===
{'noise_lvl': 0, 'level': 1, 'inner': 'a [d=4] b', 'noise_dens': 0.0, 'nb_occs': 500, 'p_down': 10, 'j': 2, 'p_up': 25, 'overlap': True}
15/20	(0.750)	0 << Perfect match
5/20	(0.250)	6 << Overall cover match, worse code length
1998.774640 1998.774640 14264.179786
1837.936356 1837.936356 12347.578068
1634.278614 1634.278614 11232.109684
1898.699561 1898.699561 13470.455347
1426.078773 1497.899818 9639.031080
1685.909492 1685.909492 11289.277101
2010.166721 2010.166721 13748.273323
1525.315813 1525.315813 9756.058808
1517.549106 1517.549106 9877.852677
1442.232671 1515.220136 9858.110259
1358.006941 1358.006941 9122.903620
1897.760962 1897.760962 12592.502084
1502.155039 1575.989263 10218.694720
1377.165945 1377.165945 8691.995153
1433.350028 1502.601339 9181.568920
1902.764041 1902.764041 13559.699206
1706.543442 1706.543442 11957.498040
1445.362272 1515.012233 9268.528249
1934.788442 1934.788442 13814.312626
1365.015580 1365.015580 8514.219632
