=== SETTINGS ===
{'noise_lvl': 3, 'level': 1, 'inner': 'a', 'noise_dens': 0.1, 'nb_occs': 250, 'p_down': 10, 'j': 0, 'p_up': 25, 'overlap': False}
19/20	(0.950)	0 << Perfect match
1/20	(0.050)	6 << Overall cover match, worse code length
518.513527 518.513527 2715.282569
520.185340 520.185340 2628.402419
502.818283 502.818283 2367.566547
479.529675 479.529675 2577.775393
531.013454 531.013454 2756.613191
550.191599 550.191599 2871.313770
409.839696 409.839696 2186.507387
539.764016 539.764016 2748.805602
534.029848 534.029848 2896.134134
565.615974 565.615974 2941.260897
551.294046 551.294046 2860.989309
504.989106 504.989106 2678.440237
479.969207 479.969207 2422.030511
528.234668 528.234668 2730.379582
467.319990 516.402079 2334.123815
447.961902 447.961902 2404.059557
559.873180 559.873180 2834.691829
497.094738 497.094738 2664.021942
415.737881 415.737881 2107.181272
546.103062 546.103062 2925.598130
