=== SETTINGS ===
{'noise_lvl': 1, 'level': 1, 'inner': 'a', 'noise_dens': 0.1, 'nb_occs': 500, 'p_down': 5, 'j': 1, 'p_up': 10, 'overlap': True}
15/20	(0.750)	0 << Perfect match
5/20	(0.250)	6 << Overall cover match, worse code length
846.202487 846.202487 4565.941183
1051.033918 1051.033918 5599.592911
958.722474 1007.068079 5325.576005
986.185340 986.185340 5258.248579
947.555787 995.418671 5262.118423
818.324743 818.324743 4394.195725
970.581436 970.581436 5369.433325
797.623710 797.623710 4067.243024
906.300335 954.005262 4930.729793
969.594091 969.594091 5419.463626
1009.643631 1009.643631 5634.181422
1001.622166 1001.622166 5540.574930
952.568669 1000.454572 5314.214794
1020.475132 1020.475132 5649.569809
801.879009 801.879009 4135.038150
939.131013 985.653458 5036.248362
874.756296 874.756296 4506.814409
1055.507686 1055.507686 5791.859075
818.921051 818.921051 4272.779818
1051.870256 1051.870256 5972.074888
