=== SETTINGS ===
{'noise_lvl': 0, 'level': 1, 'inner': 'a', 'noise_dens': 0.0, 'nb_occs': 500, 'p_down': 5, 'j': 1, 'p_up': 10, 'overlap': False}
12/20	(0.600)	0 << Perfect match
8/20	(0.400)	6 << Overall cover match, worse code length
750.278449 797.267030 4239.406939
990.685625 990.685625 5820.936329
944.423329 944.423329 5424.587713
786.154699 786.154699 4399.089446
742.262682 789.192877 4187.573371
968.652733 968.652733 5674.008765
675.710537 675.710537 3625.116358
994.276488 994.276488 5644.380946
747.859486 793.585719 4074.184130
673.443138 673.443138 3525.967045
752.452290 799.970354 4315.057398
732.412653 779.769349 4183.853662
821.735027 821.735027 4434.821089
970.463109 970.463109 5595.292281
722.029848 768.175717 3990.097912
808.557808 808.557808 4684.475485
724.226563 770.979713 4071.180785
875.828360 921.321608 4771.511270
924.584610 924.584610 5381.260271
948.622166 948.622166 5540.755629
