=== SETTINGS ===
{'noise_lvl': 0, 'level': 1, 'inner': 'a [d=1] c [d=2] d', 'noise_dens': 0.0, 'nb_occs': 500, 'p_down': 10, 'j': 3, 'p_up': 25, 'overlap': False}
12/20	(0.600)	0 << Perfect match
8/20	(0.400)	6 << Overall cover match, worse code length
2671.782988 2762.091814 19385.024788
2539.194414 2539.194414 17677.900266
2875.375798 2875.375798 20304.574454
2089.349692 2174.807764 14664.927621
2665.457777 2754.394891 18912.874353
2677.464335 2766.579714 19007.728462
2527.187495 2527.187495 17584.666765
2575.799938 2663.332713 18701.507844
2419.564252 2419.564252 17273.180171
2173.551798 2263.026990 15480.003794
2977.426634 2977.426634 21107.790006
2377.538652 2377.538652 16939.291710
2611.675820 2700.434041 18806.176844
2347.359620 2347.359620 16515.420800
2437.850720 2437.850720 17747.868346
2971.864265 2971.864265 21707.786426
2059.080579 2059.080579 14178.394054
2869.024828 2869.024828 19764.042319
2671.708987 2761.724391 19287.389662
3000.952913 3000.952913 20576.791910
