=== SETTINGS ===
{'noise_lvl': 1, 'level': 1, 'inner': 'a', 'noise_dens': 0.3, 'nb_occs': 250, 'p_down': 10, 'j': 0, 'p_up': 25, 'overlap': False}
18/20	(0.900)	0 << Perfect match
2/20	(0.100)	6 << Overall cover match, worse code length
420.037976 420.037976 2006.839311
398.477695 398.477695 1980.070043
448.840692 448.840692 2282.581258
446.124485 446.124485 2148.131595
470.713440 470.713440 2178.434349
521.147205 521.147205 2552.119462
597.962817 597.962817 3038.481275
483.907806 531.809175 2307.866182
496.563450 496.563450 2489.562998
462.661778 462.661778 2285.473020
395.443138 395.443138 1927.404338
421.137512 421.137512 2024.660314
514.108034 514.108034 2691.298344
558.643631 558.643631 2816.276941
484.907806 532.791632 2306.944256
465.821649 465.821649 2351.572170
429.424658 429.424658 2111.104017
409.623710 409.623710 1849.007881
578.007553 578.007553 2744.349539
436.670767 436.670767 2191.833918
