=== SETTINGS ===
{'noise_lvl': 2, 'level': 3, 'add_noise': [('a', 0.1)], 'inner': 'a', 'noise_dens': 0.1, 'nb_occs': 250, 'p_down': 10, 'j': 0, 'p_up': 25, 'overlap': False}
1/20	(0.050)	0 << Perfect match
19/20	(0.950)	9 << No cover match, worse code length
450.550867 630.909374 1492.041705
500.424030 843.418848 1671.571123
359.262346 445.470710 1114.905403
426.813802 545.368104 1366.526099
403.695387 680.050179 1260.150169
407.904738 652.800530 1269.288884
615.908179 921.193872 2038.040288
374.766355 374.766355 1155.737863
422.030395 557.114008 1341.676813
421.043847 513.104044 1354.714906
380.264252 500.272811 1202.160608
384.148131 727.312257 1217.060751
401.108898 587.757936 1294.948855
481.133079 879.217325 1612.071516
415.709159 607.331868 1360.190060
321.578918 489.609395 957.822394
511.925363 797.512618 1720.664456
508.838569 797.982151 1703.373465
508.450848 602.476487 1672.875072
341.547549 624.013742 1000.002634
